Some((
    red: 0.53333336,
    green: 0.75294113,
    blue: 0.8156863,
))