Some((
    red: 0.20428804,
    green: 0.23511225,
    blue: 0.67211133,
    alpha: 1.0,
))