Some((
    red: 0.92941177,
    green: 0.52941173,
    blue: 0.5882353,
))