Some((
    red: 0.6509804,
    green: 0.85490197,
    blue: 0.58431375,
))