Some((
    red: 0.7921569,
    green: 0.827451,
    blue: 0.9607843,
))