Some((
    red: 0.12658226,
    green: 0.12013595,
    blue: 0.12335911,
    alpha: 1.0,
))