Some((
    red: 1.0,
    green: 0.5742864,
    blue: 0.59474105,
    alpha: 1.0,
))