Some((
    red: 0.44705883,
    green: 0.52941173,
    blue: 0.99215686,
))