Some((
    red: 0.8235294,
    green: 0.05882353,
    blue: 0.22352941,
))