Some((
    red: 0.25098038,
    green: 0.627451,
    blue: 0.16862746,
))