Some((
    red: 0.29803923,
    green: 0.30980393,
    blue: 0.4117647,
))