Some((
    red: 0.8745098,
    green: 0.5568628,
    blue: 0.11372549,
))