Some((
    red: 0.14117648,
    green: 0.15294118,
    blue: 0.22745098,
    alpha: 1.0,
))