Some((
    red: 0.50196075,
    green: 0.52941173,
    blue: 0.63529414,
))