Some((
    red: 0.21176471,
    green: 0.22745098,
    blue: 0.30980393,
    alpha: 1.0,
))