Some((
    red: 0.28627452,
    green: 0.30196077,
    blue: 0.39215687,
    alpha: 1.0,
))