Some((
    red: 0.93333334,
    green: 0.83137256,
    blue: 0.62352943,
))