Some((
    red: 0.7176471,
    green: 0.7411765,
    blue: 0.972549,
))