Some((
    red: 0.8980392,
    green: 0.9137255,
    blue: 0.9411765,
))