Some((
    red: 0.8901961,
    green: 0.031372547,
    blue: 0.27058855,
))