Some((
    red: 0.36862746,
    green: 0.5058824,
    blue: 0.6745098,
))